   1    2
   2    3
   3    4
   4    5
   5    6
   6    7
   7    9
   8   10
   9   11
  10   12
  11   13
  12   14
  13   15
  14   17
  15   19
  16   20
  17   21
  18   22
  19   23
  20   25
  21   26
  22   29
  23   35
  24   36
  25   38
  26   45
  27   46
  28   48
  29   49
  30   50
  31   51
  32   55
  33   56
  34   57
  35   63
  36   64
  37   66
  38   69
  39   72
  40   74
  41   75
  42   76
  43   77
  44   79
  45   82
  46   85
  47   87
  48   89
  49   90
  50   92
  51   93
  52   98
  53  100
  54  106
  55  107
  56  110
  57  114
  58  116
  59  117
  60  118
  61  121
  62  122
  63  123
  64  124
  65  125
  66  126
  67  127
  68  128
  69  129
  70  130
  71  132
  72  133
  73  134
  74  137
  75  139
  76  141
  77  142
  78  143
  79  145
  80  146
  81  147
  82  149
  83  150
  84  151
  85  152
  86  153
  87  154
  88  155
  89  156
  90  157
  91  158
  92  159
  93  160
  94  162
  95  163
  96  164
  97  165
  98  166
  99  167
 100  168
 101  169
 102  170
 103  171
 104  173
 105  174
 106  175
 107  176
 108  177
 109  178
 110  179
 111  180
 112  181
 113  182
 114  183
 115  184
 116  185
 117  186
 118  193
 119  199
 120  200
 121  201
 122  202
 123  203
 124  204
 125  205
 126  206
 127  207
 128  208
 129  209
 130  210
 131  211
 132  212
 133  213
 134  215
 135  216
 136  218
 137  219
 138  220
 139  221
 140  223
 141  224
 142  225
 143  226
 144  227
 145  228
 146  229
 147  230
 148  232
 149  233
 150  234
 151  235
 152  236
 153  237
 154  238
 155  239
 156  240
 157  241
 158  244
 159  245
 160  246
 161  248
 162  251
 163  252
 164  253
 165  254
 166  255
 167  256
 168  257
 169  258
 170  259
 171  260
 172  261
 173  262
 174  263
 175  264
 176  265
 177  266
 178  267
 179  268
 180  269
 181  270
 182  271
 183  272
 184  273
 185  274
 186  275
 187  280
 188  282
 189  283
 190  284
 191  285
 192  286
 193  287
 194  288
 195  289
 196  290
 197  291
 198  292
 199  293
 200  294
 201  296
 202  297
 203  298
 204  303
 205  304
 206  305
 207  306
 208  307
 209  310
 210  313
 211  314
 212  318
 213  326
 214  327
 215  329
 216  330
 217  336
 218  337
 219  341
 220  345
 221  346
 222  347
 223  349
 224  350
 225  354
 226  355
 227  356
 228  357
 229  360
 230  367
 231  372
 232  375
 233  381
 234  385
 235  387
 236  391
 237  395
 238  396
 239  397
 240  398
 241  403
 242  419
 243  420
 244  424
 245  425
 246  428
 247  431
 248  432
 249  433
 250  434
 251  436
 252  440
 253  442
 254  443
 255  446
 256  449
 257  450
 258  451
 259  452
 260  454
 261  455
 262  456
 263  457
 264  458
 265  459
 266  460
 267  466
 268  468
 269  472
 270  474
 271  475
 272  476
 273  477
 274  478
 275  479
 276  480
 277  482
 278  483
 279  486
 280  487
 281  488
 282  489
 283  490
 284  491
 285  493
 286  494
 287  511
 288  512
 289  513
 290  514
 291  515
 292  519
 293  521
 294  527
 295  537
 296  540
 297  542
 298  544
 299  545
 300  546
 301  547
 302  549
 303  550
 304  554
 305  556
 306  558
 307  559
 308  560
 309  561
 310  564
 311  566
 312  567
 313  570
 314  578
 315  579
 316  584
 317  585
 318  586
 319  587
 320  589
 321  590
 322  591
 323  592
 324  593
 325  594
 326  595
 327  596
 328  597
 329  598
 330  600
 331  601
 332  602
 333  603
 334  604
 335  605
 336  606
 337  607
 338  608
 339  609
 340  610
 341  611
 342  612
 343  614
 344  615
 345  616
 346  617
 347  618
 348  619
 349  620
 350  622
 351  623
 352  624
 353  625
 354  626
 355  627
 356  628
 357  629
 358  630
 359  631
 360  632
 361  633
 362  634
 363  635
 364  636
 365  637
 366  638
 367  641
 368  642
 369  643
 370  644
 371  645
 372  646
 373  647
 374  648
 375  649
 376  650
 377  651
 378  652
 379  655
 380  656
 381  660
 382  661
 383  663
 384  664
 385  665
 386  667
 387  668
 388  669
 389  670
 390  671
 391  672
 392  673
 393  674
 394  675
 395  676
 396  677
 397  678
 398  679
 399  680
 400  681
 401  682
 402  683
 403  684
 404  685
 405  686
 406  687
 407  688
 408  689
 409  690
 410  691
 411  692
 412  693
 413  694
 414  695
 415  696
 416  697
 417  698
 418  699
 419  700
 420  701
 421  702
 422  703
 423  704
 424  705
 425  706
 426  707
 427  708
 428  710
 429  711
 430  713
 431  714
 432  715
 433  717
 434  718
 435  719
 436  721
 437  722
 438  723
 439  725
 440  726
 441  727
 442  729
 443  730
 444  734
 445  735
 446  737
 447  738
 448  742
 449  744
 450  745
 451  748
 452  750
 453  752
 454  753
 455  755
 456  756
 457  757
 458  758
 459  759
 460  761
 461  763
 462  764
 463  765
 464  767
 465  768
 466  769
 467  770
 468  771
 469  772
 470  773
 471  774
 472  775
 473  776
 474  777
 475  778
 476  779
 477  780
 478  781
 479  782
 480  784
 481  785
 482  787
 483  788
 484  790
 485  791
 486  792
 487  793
 488  794
 489  795
 490  796
 491  797
 492  799
 493  800
 494  801
 495  803
 496  804
 497  805
 498  806
 499  807
 500  808
 501  811
 502  812
 503  813
 504  814
 505  815
 506  816
 507  819
 508  820
 509  822
 510  823
 511  824
 512  825
 513  827
 514  833
 515  834
 516  835
 517  849
 518  850
 519  851
 520  854
 521  855
 522  856
 523  858
 524  861
 525  864
 526  865
 527  866
 528  868
 529  869
 530  871
 531  873
 532  874
 533  875
 534  876
 535  878
 536  885
 537  887
 538  892
 539  897
 540  904
 541  905
 542  906
 543  907
 544  908
 545  909
 546  910
 547  911
 548  912
 549  913
 550  914
 551  916
 552  917
 553  918
 554  919
 555  922
 556  923
 557  924
 558  925
 559  926
 560  927
 561  928
 562  929
 563  931
 564  932
 565  933
 566  934
 567  938
 568  939
 569  942
 570  943
 571  944
 572  946
 573  947
 574  948
 575  949
 576  950
 577  951
 578  954
 579  955
 580  956
 581  957
 582  958
 583  959
 584  960
 585  961
 586  962
 587  963
 588  964
 589  965
 590  966
 591  967
 592  968
 593  969
 594  970
 595  971
 596  972
 597  973
 598  974
 599  975
 600  976
 601  977
 602  978
 603  979
 604  980
 605  981
 606  982
 607  983
 608  984
 609  985
 610  988
 611  989
 612  991
 613  993
 614  994
 615  995
 616  996
 617  998
 618 1000
 619 1001
 620 1003
 621 1005
 622 1006
 623 1008
 624 1009
 625 1010
 626 1011
 627 1012
 628 1013
 629 1014
 630 1015
 631 1016
 632 1017
 633 1018
 634 1021
 635 1022
 636 1030
 637 1031
 638 1038
 639 1041
 640 1046
 641 1047
 642 1083
 643 1093
 644 1096
 645 1098
 646 1100
 647 1104
 648 1105
 649 1106
 650 1107
 651 1108
 652 1110
 653 1111
 654 1112
 655 1114
 656 1115
 657 1140
 658 1141
 659 1142
 660 1143
 661 1144
 662 1145
 663 1146
 664 1147
 665 1148
 666 1150
 667 1151
 668 1152
 669 1153
 670 1154
 671 1155
 672 1157
 673 1158
 674 1159
 675 1160
 676 1161
 677 1162
 678 1165
 679 1166
 680 1167
 681 1168
 682 1169
 683 1170
 684 1171
 685 1172
 686 1173
 687 1174
 688 1175
 689 1176
 690 1177
 691 1179
 692 1180
 693 1182
 694 1183
 695 1185
 696 1191
 697 1192
 698 1193
 699 1194
 700 1195
 701 1196
 702 1199
 703 1200
 704 1201
 705 1202
 706 1204
 707 1205
 708 1206
 709 1209
 710 1210
 711 1213
 712 1214
 713 1218
 714 1226
 715 1228
 716 1236
 717 1237
 718 1238
 719 1239
 720 1241
 721 1242
 722 1243
 723 1244
 724 1245
 725 1246
 726 1247
 727 1248
 728 1249
 729 1250
 730 1251
 731 1252
 732 1255
 733 1257
 734 1258
 735 1259
 736 1260
 737 1261
 738 1262
 739 1263
 740 1264
 741 1265
 742 1266
 743 1267
 744 1268
 745 1269
 746 1270
 747 1271
 748 1272
 749 1273
 750 1274
 751 1275
 752 1276
 753 1277
 754 1278
 755 1279
 756 1280
 757 1281
 758 1282
 759 1283
 760 1284
 761 1285
 762 1286
 763 1291
 764 1292
 765 1293
 766 1294
 767 1297
 768 1298
 769 1300
 770 1302
 771 1303
 772 1310
 773 1311
 774 1313
 775 1314
 776 1315
 777 1317
 778 1319
 779 1320
 780 1321
 781 1322
 782 1324
 783 1326
 784 1332
 785 1333
 786 1334
 787 1336
 788 1337
 789 1340
 790 1345
 791 1346
 792 1347
 793 1348
 794 1349
 795 1350
 796 1351
 797 1352
 798 1353
 799 1354
 800 1355
 801 1356
 802 1357
 803 1358
 804 1359
 805 1360
 806 1361
