100.1007
100.1018
100.1025
100.1032
100.1041
100.1044
100.1046
100.1047
100.1052
100.1054
100.105
100.1066
100.106
100.107
100.1098
100.1105
100.1106
100.1108
100.1111
100.1116
100.1118
100.1119
100.1125
100.1126
100.1129
100.1141
100.1142
100.1143
100.1153
100.1157
100.115
100.1160
100.1165
100.1167
100.1168
100.1217
100.1218
100.1224
100.1226
100.1230
100.1233
100.1238
100.1241
100.1244
100.1245
100.1247
100.1248
100.1309
100.1311
100.1329
100.132
100.1334
100.1347
100.1367
100.1368
100.1392
100.1408
100.1409
100.1435
100.1436
100.1438
100.1439
100.1443
100.1445
100.1446
100.1447
100.1451
100.1455
100.1471
100.1472
100.1476
100.14
100.1502
100.1519
100.1521
100.1523
100.1524
100.1529
100.1530
100.1532
100.1533
100.1534
100.1535
100.1538
100.1542
100.1606
100.1630
100.1631
100.1634
100.1635
100.1644
100.1646
100.1647
100.1648
100.1649
100.1651
100.1653
100.1657
100.1658
100.169
100.1705
100.1712
100.1718
100.1719
100.1726
100.1742
100.1751
100.1790
100.1791
100.1792
100.1793
100.1794
100.1797
100.1798
100.1800
100.1801
100.1802
100.1803
100.1805
100.1806
100.1807
100.1808
100.1811
100.1812
100.1813
100.1818
100.1848
100.187
100.190
100.197
100.200
100.205
100.206
100.207
100.209
100.210
100.211
100.214
100.219
100.220
100.223
100.234
100.236
100.240
100.251
100.253
100.254
100.258
100.260
100.261
100.263
100.264
100.284
100.287
100.288
100.299
100.2
100.302
100.304
100.310
100.312
100.317
100.321
100.322
100.323
100.324
100.3
100.344
100.345
100.346
100.359
100.379
100.384
100.385
100.390
100.392
100.393
100.394
100.395
100.396
100.398
100.400
100.401
100.402
100.403
100.404
100.405
100.40
100.406
100.407
100.409
100.410
100.411
100.412
100.413
100.414
100.415
100.416
100.417
100.422
100.425
100.426
100.429
100.430
100.43
100.443
100.444
100.447
100.450
100.456
100.457
100.465
100.467
100.468
100.469
100.470
100.483
100.486
100.487
100.488
100.490
100.49
100.491
100.495
100.496
100.497
100.498
100.505
100.512
100.514
100.520
100.569
100.572
100.573
100.574
100.576
100.577
100.58
100.585
100.587
100.60
100.613
100.614
100.622
100.623
100.624
100.626
100.630
100.63
100.642
100.654
100.667
100.668
100.6
100.671
100.672
100.673
100.674
100.675
100.685
100.699
100.700
100.701
100.712
100.713
100.721
100.725
100.726
100.727
100.728
100.751
100.780
100.781
100.788
100.790
100.799
100.809
100.817
100.818
100.820
100.834
100.865
100.902
100.903
100.906
100.966
100.967
100.9
100.99
10.1007
10.1008
10.1009
10.108
10.109
10.110
101.1307
10.113
101.1773
10.119
10.12
10.122
10.14
10.165
10.168
10.171
10.174
10.175
10.176
10.18
10.183
10.184
10.187
10.188
10.197
10.212
102.1275
102.1353
10.213
10.214
10.217
10.222
10.225
10.226
10.228
10.229
10.243
10.244
102.49
102.495
10.24
10.256
10.257
10.25
102.610
10.261
10.263
10.264
102.654
10.265
10.268
10.270
10.271
10.273
10.278
10.282
10.284
102.9
10.293
10.295
10.297
10.298
10.2
10.30
10.301
10.303
10.305
10.308
103.1006
103.1020
103.1022
103.1024
103.1031
103.103
103.1061
103.1062
103.1076
10.3
103.1114
103.1123
103.1125
103.1139
103.1146
103.1148
103.1149
103.1150
103.1151
103.1152
103.1154
103.1155
103.1156
103.1157
103.1160
103.1162
103.1163
103.1164
103.1166
103.1168
103.1172
103.1173
103.1174
103.1197
103.1200
103.1204
103.1206
103.1207
103.1208
103.1213
103.1219
103.1229
103.1230
103.1248
103.1249
103.1251
103.1271
103.1277
103.1279
103.1311
103.1312
103.1317
103.1325
103.1326
103.1329
10.31
103.1330
103.1332
103.1373
103.1374
103.1375
103.1382
103.1385
103.1386
103.1394
103.1401
103.1406
103.1432
103.1453
103.1454
103.1456
103.1460
103.1461
103.1463
103.1477
103.1521
103.1525
103.1533
103.1534
103.1535
103.1544
103.1545
103.1559
103.1567
103.1570
103.1573
103.1574
103.158
103.1590
103.1591
103.1595
103.1596
103.160
103.1615
103.1616
103.1621
103.1628
103.1636
103.163
103.1640
103.1641
103.1642
103.164
103.1650
103.165
103.1656
103.1674
103.1688
103.1692
103.1697
103.1698
103.1701
103.1709
103.1711
103.1713
103.1714
103.1715
103.1783
103.1787
103.1794
103.1797
103.180
103.1811
103.1812
103.181
103.1818
103.1825
103.188
103.1898
103.1900
103.1908
103.1909
103.1910
103.1911
103.1915
103.1916
103.1917
103.1921
103.1948
103.1952
103.1953
103.195
103.1995
103.2004
103.2005
103.2007
103.2008
103.2009
103.2018
103.2019
103.2020
103.2027
103.2028
103.2030
103.2058
103.214
103.240
103.242
103.24
103.264
103.27
103.276
103.277
103.280
103.281
103.286
103.295
103.321
103.326
103.333
103.338
103.347
10.33
103.371
103.372
103.373
10.339
103.398
10.340
10.341
103.419
10.34
103.429
10.343
103.438
103.439
103.457
10.347
103.501
10.35
103.532
103.53
103.554
103.56
10.356
103.581
103.595
103.598
103.599
103.601
103.603
10.36
103.619
103.634
103.6
103.639
103.649
103.696
103.700
103.702
103.705
103.706
103.73
10.374
103.755
103.757
103.768
10.376
103.777
10.377
10.378
103.785
103.793
103.7
103.803
10.38
103.85
103.86
103.869
103.870
103.871
103.887
103.890
103.893
103.902
103.906
103.932
103.934
103.939
103.93
103.943
103.944
103.946
103.947
103.983
103.986
103.987
103.988
10.39
10.406
10.409
104.100
104.107
104.120
104.124
104.130
10.414
10.415
104.196
10.419
104.217
104.21
10.422
10.42
104.271
104.276
10.429
10.430
10.434
104.353
10.435
104.36
10.436
104.435
10.444
104.452
104.462
104.495
10.454
104.562
104.565
10.456
10.458
104.630
104.634
104.651
104.687
104.694
10.4
10.470
104.734
104.742
104.79
10.481
104.844
104.853
104.862
10.486
104.936
10.495
104.971
104.976
104.981
104.990
10.500
10.509
105.1004
105.1012
105.1030
105.1032
105.1040
105.104
105.1095
105.1098
105.1129
105.1133
105.1134
105.1135
105.1137
105.1139
105.1140
105.1143
105.1146
105.1149
105.114
105.1150
105.1152
105.1156
105.1157
105.1158
105.1159
105.115
105.1160
105.1166
105.1167
105.1168
105.1169
105.1170
105.1178
105.1180
105.118
105.1196
105.119
105.120
105.1212
105.1214
105.1215
105.1219
105.1220
105.1223
105.1224
105.1225
105.1238
105.125
105.1278
105.1279
105.1282
105.1293
105.1294
105.1295
105.1301
105.1305
105.1308
105.1319
105.1374
105.1377
105.1433
105.1435
105.1451
105.1452
105.1456
105.1457
105.1458
105.146
105.147
105.148
105.1494
105.1498
105.1499
105.1501
105.1522
105.1536
105.1546
105.1553
105.1554
105.1559
105.1560
105.1562
105.157
105.1616
105.1647
105.1676
105.1681
105.1682
105.1685
105.1692
105.1707
105.1709
105.1728
105.188
105.227
105.229
105.230
105.237
105.242
10.525
105.272
105.289
105.293
105.294
105.299
105.2
105.304
105.325
105.328
105.3
105.340
105.34
105.342
105.37
105.448
105.463
105.465
105.466
105.467
105.47
105.48
105.494
105.497
105.498
105.501
105.515
105.516
105.54
105.553
105.563
105.567
105.594
10.56
10.562
105.62
105.63
105.656
105.657
105.694
10.569
105.6
105.701
105.703
105.707
105.714
105.722
105.759
105.762
105.781
10.57
105.821
105.822
10.582
105.830
105.835
105.836
105.845
10.584
105.87
105.9
105.91
105.92
105.927
105.93
105.95
105.959
105.975
105.97
105.998
10.606
10.60
106.1012
106.1019
106.1032
106.1033
106.1042
106.1075
106.1093
106.1136
106.1138
106.1139
106.1190
106.1298
106.1303
106.141
106.1467
106.1480
106.1482
106.1524
106.1525
106.1647
106.1653
106.1708
106.1747
106.1782
106.1796
106.1798
10.617
106.1805
106.1806
106.1807
106.1834
106.1928
106.1930
106.1983
106.2022
106.2090
106.2109
106.218
106.2194
106.2198
106.219
106.2204
10.62
106.240
10.624
106.319
10.636
106.402
106.413
106.415
106.488
10.649
10.65
106.524
106.534
106.543
106.544
10.657
106.609
106.617
106.643
106.651
106.663
10.668
10.670
10.676
10.677
106.77
10.680
10.682
106.837
106.850
10.687
106.881
10.689
10.690
106.928
10.694
10.695
10.69
10.698
10.707
107.108
107.113
107.114
107.115
107.116
107.117
107.118
107.122
107.123
107.125
107.126
107.130
107.132
107.139
107.140
107.142
107.145
107.14
107.146
10.714
107.147
107.159
107.162
107.163
107.164
107.165
107.166
107.169
107.17
107.172
107.177
107.180
107.205
107.206
107.22
107.226
107.228
107.238
107.23
107.24
107.244
10.725
107.252
107.255
107.259
107.261
107.26
107.264
107.265
107.266
107.267
107.268
107.275
107.277
107.283
107.289
107.29
107.2
107.304
107.305
107.307
107.311
107.313
107.318
107.325
107.332
107.3
107.340
107.341
107.342
107.343
107.344
107.347
107.348
107.351
107.35
107.360
107.361
107.36
107.370
107.371
107.376
107.385
107.391
107.392
107.396
107.399
107.410
107.419
10.742
107.427
107.428
107.431
107.434
107.437
107.444
107.445
107.44
10.745
107.459
107.45
10.746
107.463
107.467
107.469
107.473
107.477
107.48
107.482
107.484
107.487
107.488
107.489
107.494
107.501
107.503
107.509
107.510
107.51
107.514
107.515
107.520
107.52
107.527
107.530
107.533
107.537
107.540
107.542
107.547
107.551
107.552
107.555
107.55
107.56
107.569
107.573
107.577
10.757
107.58
107.599
107.605
107.60
107.617
107.619
107.62
107.623
107.624
107.629
107.630
107.63
10.763
107.639
107.643
107.644
107.645
107.646
10.764
107.650
107.653
107.654
107.656
10.765
10.766
107.679
107.689
107.695
107.701
107.702
107.70
107.716
107.717
107.718
107.722
107.723
107.724
107.728
107.733
107.734
107.735
107.738
107.739
107.740
107.741
107.743
107.744
107.79
107.83
107.84
107.87
107.90
107.92
10.792
107.93
107.9
107.96
107.97
107.98
10.809
108.100
108.1031
108.1032
108.1033
108.1037
108.1040
108.1046
108.104
108.1071
108.1080
108.1085
108.1092
108.1095
108.1096
108.1114
108.1116
108.1186
108.125
108.1274
108.1276
108.1296
108.1298
108.1332
108.1333
108.1334
108.133
10.815
108.172
108.176
108.177
108.185
108.190
10.81
108.196
108.200
108.204
108.206
108.211
10.821
10.823
108.24
108.25
108.259
10.826
108.277
108.290
108.296
108.2
108.306
108.332
108.3
10.837
108.372
108.373
108.374
108.381
108.382
10.838
108.38
10.840
108.409
108.417
10.841
10.847
108.472
108.492
108.496
108.507
10.850
108.513
108.514
108.518
10.852
108.521
108.522
108.524
108.533
108.583
108.584
10.859
108.608
108.617
108.627
108.630
108.637
108.641
108.649
108.652
10.866
108.674
108.677
10.867
108.681
108.691
108.692
10.869
108.702
108.705
10.87
108.747
10.874
108.755
108.757
10.876
108.773
10.878
108.82
10.885
108.856
108.857
108.859
108.861
108.869
108.870
108.894
10.891
108.933
10.893
10.894
10.895
108.953
108.954
108.983
108.986
10.902
10.903
109.104
109.1067
109.1300
109.1391
10.914
109.1605
10.917
10.91
109.216
109.232
109.352
10.935
109.385
109.388
109.401
109.487
109.502
109.575
109.583
109.595
109.599
109.616
10.966
109.676
109.707
109.714
109.757
10.976
109.786
109.903
10.991
10.997
10.998
10.999
1.1007
110.1013
110.1103
110.1162
110.1396
110.1411
110.1452
110.1455
110.1472
110.1575
110.159
110.1784
110.412
110.429
110.515
110.524
1.1055
110.591
110.595
110.740
110.746
110.798
1.1088
1.1089
1.1090
110.913
110.975
110.995
11.1067
111.1007
111.1024
111.1045
111.1066
111.1076
111.1097
11.1112
111.112
11.1115
111.1172
111.1182
111.1189
111.1206
111.1245
111.1270
111.1283
111.1298
111.1302
111.1309
111.1366
11.1137
111.1385
111.1388
111.1395
1.1113
111.1406
111.1410
111.1411
111.1412
111.1417
111.1428
111.143
111.1445
111.1454
111.1458
111.146
111.1466
111.147
111.1505
111.1520
111.1523
111.161
111.1624
111.1638
11.1163
111.1661
111.1684
111.1687
111.1724
11.1174
111.1780
111.1781
111.1820
111.1845
111.1857
111.1863
111.1900
111.1904
111.1918
111.2107
111.2117
111.2131
111.2132
111.2191
111.2247
11.1232
11.1248
11.1288
11.1365
1.1137
11.138
111.401
111.404
11.1416
1.1143
111.434
111.439
11.1485
111.491
11.1539
11.1549
111.550
111.555
1.1156
111.576
11.1587
11.1591
11.1593
111.597
111.601
111.618
111.620
111.621
111.626
111.628
111.633
111.640
11.1682
111.692
111.723
111.727
111.737
111.788
1.1179
11.1803
111.814
11.1816
11.1834
11.1835
111.837
11.1837
11.1858
111.860
11.1866
111.868
111.871
11.1874
111.874
111.880
11.1893
111.894
11.1898
111.903
11.1923
11.1926
111.927
11.1929
11.1930
111.934
11.1953
11.1959
11.1961
111.969
111.988
111.991
111.995
111.997
11.202
112.104
11.2105
112.105
112.110
112.111
112.112
112.113
112.115
112.119
112.120
112.122
112.138
112.139
112.141
112.143
112.146
11.2149
112.149
112.150
11.2152
112.154
112.159
112.160
112.163
112.17
112.172
112.175
112.177
112.178
11.2183
112.184
112.18
112.190
112.194
112.201
112.202
11.2203
11.2204
112.208
112.209
112.20
11.2211
112.213
11.2213
112.217
112.218
112.221
112.222
11.2223
112.223
112.225
112.226
112.233
112.236
112.237
112.240
112.241
112.244
112.246
112.247
11.2248
112.249
112.24
112.25
112.256
112.258
112.259
11.2260
112.262
112.269
112.276
112.277
112.292
112.293
112.295
112.2
112.307
11.2309
112.310
11.2311
112.317
112.319
112.31
112.322
11.2323
112.324
11.2325
11.2326
112.330
11.2330
112.3
112.332
11.2336
112.336
112.35
1.1235
11.2363
11.2386
11.2387
112.39
112.399
112.400
112.404
112.429
112.4
11.24
112.445
112.446
112.447
11.2462
112.462
112.466
11.2475
112.479
112.48
112.482
11.2489
112.490
112.495
112.496
112.497
112.500
11.2510
112.518
11.2529
112.529
112.540
112.541
112.542
11.2545
112.552
11.2553
11.2555
11.2559
1.1255
112.55
112.56
11.2582
11.2599
11.2604
112.610
112.615
112.617
112.625
112.627
112.639
112.640
112.645
11.2645
11.2646
112.64
112.646
112.648
112.656
11.2662
112.664
112.668
112.68
112.69
112.692
112.696
112.699
112.702
112.706
112.711
112.71
112.715
112.716
112.717
112.720
112.721
112.729
112.730
112.738
112.739
112.740
112.744
112.747
112.75
112.760
112.768
112.769
112.770
11.277
112.780
11.2785
112.790
112.791
11.2791
11.2793
112.79
112.793
11.2794
112.802
112.808
112.809
11.281
112.813
112.815
11.282
112.822
112.823
112.841
112.843
112.844
112.845
112.85
11.2860
112.86
11.2867
112.868
112.880
11.288
112.889
112.89
112.892
112.893
112.895
112.898
112.899
112.901
112.902
112.904
112.905
112.911
112.913
112.914
112.916
112.917
112.918
112.919
112.92
11.293
112.93
11.2939
112.95
112.9
112.97
11.2986
11.2987
1.1299
11.306
11.309
113.1008
113.1025
113.1026
113.1044
113.1046
113.1047
113.1054
113.107
113.115
113.116
113.117
113.120
113.136
113.14
113.152
113.158
113.17
113.175
113.182
113.186
113.202
113.203
113.205
113.206
113.220
113.228
113.235
113.240
113.25
113.254
113.265
113.268
113.271
113.276
113.279
113.281
113.294
113.298
113.323
113.3
113.339
113.340
11.334
113.341
113.343
113.36
113.368
113.375
113.38
1.1338
1.1340
113.408
113.41
113.428
113.442
113.485
113.503
113.507
113.523
113.524
113.526
113.527
113.528
113.533
113.541
113.54
113.544
1.1354
113.548
113.566
113.571
113.57
113.582
113.585
113.586
113.593
113.594
113.599
113.600
113.601
113.602
113.612
113.61
113.615
113.619
113.620
113.626
113.62
113.634
113.636
113.637
113.658
113.68
113.687
113.688
113.690
11.371
113.72
113.73
113.739
113.750
113.752
113.755
113.772
113.773
113.774
113.784
113.786
113.787
113.795
113.797
113.804
113.805
113.809
113.82
113.847
11.384
113.851
113.852
113.860
113.874
113.88
113.884
113.886
113.89
113.903
113.924
113.926
113.934
113.936
113.937
113.940
113.945
113.95
113.962
113.96
1.1397
113.991
113.99
113.992
1.1403
1.1404
114.1050
114.1056
114.1074
114.1110
114.1254
114.1263
114.1298
114.1343
114.1393
114.1501
1.1417
11.418
114.21
1.1426
1.1429
114.300
114.335
114.37
114.556
114.713
1.1480
114.818
114.827
114.871
114.872
114.899
115.101
115.1056
115.1094
115.1144
115.1145
115.1156
115.1162
115.1167
115.1191
115.1200
115.1207
115.121
115.1219
115.1221
115.1235
115.1295
115.1301
115.1319
115.1351
115.1376
11.514
115.1490
115.1526
115.1558
115.1579
115.1590
115.160
115.18
115.20
115.215
115.244
115.255
115.276
1.1527
115.285
11.532
115.364
11.540
115.415
1.1550
115.509
11.550
115.516
115.585
115.601
115.615
115.629
115.644
115.666
115.670
115.704
115.757
115.763
115.766
1.1576
11.580
115.834
115.849
115.953
115.954
115.957
115.966
1.1601
116.105
116.1088
116.1258
116.1311
116.1346
116.1347
116.1508
116.1707
1.1621
1.1625
116.358
11.644
116.460
116.477
116.496
116.514
11.652
116.590
116.662
116.71
116.782
116.797
116.800
116.915
116.938
11.700
117.1003
117.1035
117.1069
117.1086
117.1133
117.1137
117.123
117.129
117.1305
117.1306
117.1311
117.131
117.1341
117.1360
117.1365
117.152
117.153
117.162
117.185
117.221
117.228
117.237
117.238
117.241
117.245
117.27
117.28
117.3
117.337
117.339
117.350
117.351
117.368
117.447
117.451
117.477
117.498
117.512
117.525
117.527
117.532
117.549
117.560
117.568
11.756
117.599
117.605
117.610
117.611
117.612
117.620
117.63
117.655
1.1771
117.753
117.766
117.776
117.786
117.800
117.801
117.818
117.866
117.882
117.889
117.894
117.896
117.898
117.932
117.956
117.961
117.997
117.998
1.1802
118.100
118.102
118.103
118.110
118.114
118.115
118.118
118.119
118.125
118.134
118.136
118.138
118.139
118.148
118.154
118.155
118.156
118.163
118.165
118.170
118.17
118.174
118.176
118.177
118.179
118.182
118.184
118.185
118.188
118.194
118.197
1.1819
118.202
118.216
118.227
118.261
118.264
118.277
118.278
118.287
118.28
118.29
118.295
118.297
118.2
118.302
118.307
118.309
118.310
118.320
118.325
118.326
118.330
118.3
118.337
118.34
118.345
118.346
118.348
118.351
118.359
118.35
118.367
118.378
118.379
118.39
118.395
118.407
118.408
118.409
118.410
118.411
118.413
118.423
118.42
11.843
118.441
118.443
118.445
118.448
118.452
118.453
118.454
118.455
118.460
118.461
118.462
118.463
118.464
118.465
118.468
118.471
118.475
118.485
118.487
118.499
118.500
118.502
118.503
118.510
118.524
118.527
118.531
118.53
118.532
118.534
118.544
118.549
118.55
118.568
118.569
118.572
118.579
118.58
118.582
118.583
118.589
118.59
118.593
118.604
118.605
118.606
118.607
118.6
118.612
118.613
118.617
11.862
118.62
118.63
118.632
118.636
118.637
118.638
118.644
118.674
118.676
118.677
118.678
118.684
118.685
118.692
118.701
118.703
118.704
118.716
118.720
118.721
118.722
118.724
118.726
118.730
118.734
118.74
118.741
118.75
118.755
118.759
118.768
118.772
118.785
1.1878
118.799
118.803
118.811
118.82
1.1883
118.839
118.854
1.1886
118.885
118.88
118.894
118.896
118.897
118.904
118.905
118.906
118.907
118.912
118.93
118.94
118.9
1.1905
119.10
119.107
119.109
119.110
119.111
119.114
119.119
119.137
119.149
119.151
119.153
119.158
119.162
119.171
119.172
119.173
119.178
119.179
119.180
119.18
119.187
119.189
119.190
119.194
119.19
119.201
119.204
119.206
119.207
119.208
119.210
119.211
119.21
119.212
1.1921
119.230
119.231
119.233
119.234
119.257
119.25
119.260
119.261
119.26
119.262
119.269
119.270
119.272
119.273
119.274
119.281
119.284
119.300
119.301
119.306
119.307
119.308
119.310
119.311
119.315
119.322
119.326
119.327
119.328
1.1933
119.335
119.336
119.337
119.348
119.351
119.357
119.360
119.370
119.380
119.381
119.382
119.384
119.387
119.389
119.395
119.397
119.407
119.408
119.409
1.1941
119.419
11.942
119.43
119.44
119.45
119.455
119.493
119.499
119.502
119.509
119.510
119.512
119.54
119.541
119.542
119.548
119.55
119.554
119.567
119.568
119.56
1.1958
119.592
119.61
119.63
119.64
119.644
119.647
119.652
119.653
119.655
119.656
119.661
119.665
119.666
119.675
119.685
119.689
119.69
119.6
119.709
119.716
119.717
119.722
119.725
119.732
119.736
119.750
119.756
119.757
119.758
119.765
119.766
119.768
119.770
119.775
119.776
119.777
119.778
119.780
119.784
119.794
119.808
119.809
119.812
119.815
119.816
119.824
119.841
119.849
119.856
1.198
119.86
119.880
119.88
119.893
119.900
119.912
119.91
119.921
119.922
119.925
119.930
119.931
119.935
119.938
119.939
119.93
119.940
119.942
119.943
119.945
11.994
119.954
11.996
11.998
119.99
120.1020
120.1033
120.112
120.119
120.127
1.2012
120.155
120.163
120.186
120.239
120.312
120.316
120.336
120.348
120.349
120.354
120.391
1.2040
120.55
120.565
120.586
120.658
120.694
1.2071
120.776
120.791
1.2083
120.835
120.848
120.854
120.866
120.949
120.958
121.1010
121.1093
121.1376
121.1377
121.1415
121.204
121.261
121.296
121.335
121.441
121.564
121.647
121.687
121.853
121.931
121.97
121.978
121.999
122.1001
122.101
122.1036
122.1037
122.1038
122.1040
122.1089
1.22
122.1101
122.110
122.1108
122.1111
122.111
122.122
122.135
122.138
122.154
122.17
122.179
122.185
122.188
122.190
122.19
122.198
122.205
122.212
122.225
122.232
122.239
122.265
122.266
122.268
122.274
122.27
1.222
122.318
122.323
122.3
122.352
122.357
122.363
122.36
122.368
122.371
122.379
122.383
122.385
122.386
122.387
122.390
122.39
122.399
122.40
122.410
122.415
122.417
122.419
122.422
122.42
122.431
122.4
122.487
122.488
122.507
122.51
122.513
122.54
122.549
122.550
122.551
122.560
122.565
122.566
122.59
122.613
122.614
122.616
122.618
122.625
122.629
122.634
122.656
122.667
122.70
122.71
122.806
122.811
122.814
122.823
122.84
122.869
122.876
122.884
122.886
122.891
122.90
122.903
122.904
122.913
122.921
122.933
122.940
122.944
122.957
122.970
122.973
122.97
122.98
122.990
1.230
123.102
123.105
123.106
123.111
123.113
123.114
123.116
123.117
123.118
123.119
123.125
123.134
123.142
123.14
123.151
123.154
123.166
123.168
123.172
123.179
123.180
123.188
123.189
123.190
123.19
123.202
123.206
123.213
123.217
123.22
123.240
123.247
123.254
123.257
123.267
123.274
123.275
123.27
123.280
123.287
123.293
123.296
123.303
123.313
123.315
123.316
123.31
123.320
123.321
123.323
123.324
123.33
123.336
123.3
123.345
123.346
123.349
123.34
123.351
123.353
123.354
123.355
123.35
123.372
123.389
123.390
123.395
123.398
123.399
123.403
123.404
123.411
123.415
123.430
123.434
123.436
123.437
123.439
123.442
123.443
123.448
123.454
123.455
123.45
123.460
123.466
123.469
123.47
123.480
123.483
123.488
123.48
123.49
123.493
123.495
123.498
123.501
123.503
123.512
123.513
123.523
123.528
123.529
123.536
123.53
123.547
123.552
123.562
123.564
123.571
123.576
123.578
123.580
123.586
123.592
123.605
123.606
123.607
123.609
123.611
123.61
123.620
123.625
123.626
123.627
123.630
123.631
123.63
123.633
123.64
123.93
123.9
124.1020
124.1045
124.1084
124.1173
124.1217
124.1221
124.1273
124.1297
124.166
124.217
124.255
124.262
124.329
124.450
124.491
124.545
124.547
124.756
124.827
124.83
124.848
124.953
124.998
125.1001
125.1005
125.1044
125.1119
125.114
125.1219
125.1230
125.1248
125.1477
125.1588
125.1589
125.1659
125.1764
125.1927
125.2028
125.2160
125.2174
125.2276
125.2352
125.2363
125.2382
125.2766
125.2799
125.281
125.2868
125.298
125.2984
125.311
125.320
125.346
125.363
125.442
125.635
125.648
125.751
125.811
125.812
125.890
125.906
125.968
1.265
126.642
127.105
127.1062
127.1064
127.1080
127.1090
127.10
127.1148
127.1163
127.1176
127.1187
127.1324
127.1364
127.1393
127.1395
127.1420
127.1432
127.1459
127.1460
127.1633
127.1882
127.1888
127.1919
127.2005
127.207
127.212
127.2284
127.2308
127.24
127.295
127.430
127.485
127.517
127.551
127.615
127.727
127.836
127.872
127.895
127.938
127.94
127.965
128.122
128.151
128.1560
128.1730
128.471
128.846
128.90
129.1036
129.109
129.110
129.119
129.1200
129.1248
129.1252
129.1255
129.1309
129.1315
129.1328
129.143
129.1447
129.145
129.1546
129.1548
129.1714
129.1722
129.1755
129.1782
129.1786
129.1792
129.1822
129.1868
129.1908
129.1911
129.1926
129.1931
129.1939
129.1945
129.1947
129.2011
129.2048
129.2050
129.2085
129.2092
129.2103
129.2113
129.2126
129.2138
129.2146
129.2208
129.2210
129.2226
129.2228
129.2277
129.2623
129.2675
129.2678
129.2679
129.2724
129.284
129.386
129.443
129.477
129.537
129.569
129.580
129.628
129.631
129.6
129.756
129.777
129.823
129.979
130.1004
130.1108
130.1140
130.1189
130.1192
130.1262
130.1405
130.1488
130.1512
130.1559
130.1592
130.1615
130.1637
130.1691
130.1697
130.174
130.1749
130.1753
130.1841
130.1859
130.1878
130.1939
130.2005
130.2033
130.2047
130.2049
130.2085
130.2206
130.2248
130.261
130.278
130.35
130.436
130.480
130.481
130.486
130.615
130.628
130.632
130.6
130.71
130.714
130.9
130.917
131.1050
131.1068
131.1110
131.1244
131.1309
131.1328
131.1335
131.1336
131.1346
131.135
131.1442
131.1454
131.1462
131.1532
131.1546
131.1551
131.1558
131.1662
131.1680
131.1875
131.1902
131.1959
131.1998
131.201
131.2078
131.209
131.210
131.2154
131.216
131.2167
131.2226
131.2232
131.280
131.287
131.289
131.329
131.330
131.355
131.397
131.430
131.532
131.56
131.586
131.587
131.614
131.676
1.317
131.759
131.763
131.769
131.772
131.779
131.791
131.993
132.102
132.111
132.139
132.142
132.151
132.153
132.154
132.158
132.159
132.164
132.167
132.173
132.180
132.186
132.193
132.195
132.207
132.20
132.210
132.220
132.221
132.248
132.261
132.266
132.270
132.278
132.287
132.296
132.304
132.309
132.310
132.311
132.312
132.319
132.320
132.321
132.32
132.331
132.332
132.333
132.334
132.338
132.343
132.346
132.351
132.354
132.371
132.379
132.384
132.385
132.389
132.393
132.394
132.398
132.401
132.403
132.405
132.408
132.411
132.412
132.414
132.415
132.423
132.426
132.444
132.445
132.461
132.466
132.467
132.468
132.469
132.475
132.482
132.484
132.488
132.491
132.493
132.500
132.507
132.516
132.521
132.52
132.528
132.530
132.533
132.537
132.549
132.551
132.563
132.565
132.566
132.567
132.568
132.573
132.574
132.575
132.580
132.581
132.585
132.587
132.58
132.591
132.596
132.60
132.603
132.604
132.605
132.606
132.608
132.609
132.612
132.613
132.628
132.632
132.633
132.638
132.641
132.642
132.650
132.652
132.65
132.656
132.658
132.659
132.660
132.661
132.70
132.75
132.76
132.90
133.1008
133.1037
133.1040
133.112
133.1226
133.128
133.138
133.139
133.1396
133.1398
133.1440
133.1505
133.1517
133.1636
133.1698
133.1701
133.1791
133.1810
133.224
133.279
133.280
133.33
133.357
133.360
133.403
133.46
133.487
133.54
133.565
133.626
133.658
133.68
133.710
133.718
133.723
133.751
133.755
133.760
133.761
133.777
133.816
133.821
133.831
133.848
133.894
133.957
133.958
133.969
133.976
133.99
134.1008
134.182
134.196
134.197
134.234
13.430
134.354
13.436
134.385
134.427
134.484
134.543
134.590
134.599
134.602
1.346
1.347
134.752
134.753
134.892
135.1077
135.1096
135.1209
135.1490
135.1521
135.1526
1.35
135.1621
135.1663
135.1794
135.1869
135.205
135.214
135.365
135.433
135.59
135.823
135.856
136.1066
136.1096
136.1097
136.11
136.124
136.145
136.150
136.1560
136.1651
136.1667
136.1811
136.1818
136.1856
136.1882
136.2004
136.2043
136.2220
136.2349
136.2355
136.2448
136.2477
136.2484
136.2584
136.2595
136.2634
136.2664
136.278
136.2795
136.2923
136.3135
136.336
136.3434
136.3472
136.3486
136.3651
136.3660
136.404
1.364
136.511
1.369
136.968
136.990
137.1037
137.1038
137.1045
137.1046
137.1049
137.1102
137.1113
137.111
137.1115
137.1124
137.1153
137.1156
137.11
137.1162
137.1167
137.1168
137.1169
137.1199
137.120
137.1213
137.1217
137.1240
137.1244
137.1257
137.1263
137.1296
137.1354
137.1360
137.1364
137.1365
137.1371
137.155
137.162
137.163
137.164
137.165
137.167
137.173
137.182
137.222
137.233
137.243
137.255
137.260
137.262
137.270
137.342
137.353
137.393
137.407
137.408
137.421
137.430
137.447
137.456
137.457
137.463
137.466
137.468
137.472
137.475
137.487
137.488
137.504
137.512
137.521
137.54
137.57
137.585
137.590
137.609
137.639
137.661
137.71
137.726
137.781
137.782
137.786
137.788
137.790
137.80
137.827
137.828
137.833
137.834
137.840
137.841
137.871
137.873
137.87
137.886
137.95
137.957
137.977
137.983
138.1003
138.1021
138.1171
138.186
138.275
138.331
138.412
138.421
138.426
138.645
138.68
138.689
138.694
138.706
138.782
13.88
138.938
139.1012
139.1020
139.1034
139.1042
139.1044
139.1079
139.202
139.232
139.262
139.264
139.35
139.364
139.581
139.582
139.619
1.396
139.716
139.744
139.844
139.893
139.894
139.897
139.934
139.9
140.1001
140.109
140.220
140.264
140.332
140.344
140.393
140.405
140.526
140.599
140.620
140.705
140.708
140.821
140.865
14.1035
141.1036
141.1045
141.1052
14.1105
141.1162
141.1169
141.1170
141.1172
141.1175
141.1178
141.118
141.1181
141.121
141.1217
141.1219
141.122
141.1265
141.1269
141.1275
141.1305
141.1314
141.1315
141.1316
141.1325
141.1329
141.1330
141.1357
141.1364
141.1368
141.1369
141.1380
141.138
141.1393
141.1434
141.14
141.149
141.1506
141.1512
141.1516
141.151
141.1533
141.1543
141.1550
141.1551
141.155
141.156
141.1583
141.1585
141.1588
141.1590
141.1592
141.1597
141.159
141.1601
141.1607
141.1608
141.1609
141.1610
141.1613
141.161
141.1620
141.1629
141.1631
141.1635
141.1645
141.1653
141.1658
141.1659
141.1661
141.166
141.1664
141.1667
141.1706
141.170
141.175
141.1769
141.184
141.189
141.191
141.207
141.20
141.209
141.215
141.220
141.256
141.259
141.29
141.338
141.352
141.381
141.382
141.390
141.391
141.399
141.400
141.403
14.1403
14.1429
141.459
14.1459
14.1465
14.1468
141.472
141.474
14.1478
14.1494
14.1496
141.507
14.1509
141.509
141.510
14.1511
141.515
141.516
141.519
141.530
141.5
141.56
141.575
141.576
141.579
141.58
141.608
141.619
141.623
141.625
141.626
141.633
141.637
141.643
141.645
141.649
141.651
141.652
141.658
141.660
141.669
141.677
141.689
141.695
141.697
141.703
141.711
141.713
141.72
141.777
141.794
141.7
141.808
141.809
141.848
141.849
141.861
141.869
141.872
141.928
141.929
141.935
141.989
142.1043
142.1521
142.1624
142.1878
142.2051
142.2154
142.2278
142.2292
142.2332
142.2397
142.739
142.746
142.997
1.42
143.100
143.1113
143.1245
143.1275
143.1279
143.1295
143.1315
143.1359
143.1362
143.1376
143.1377
143.1395
143.1803
143.1813
143.1837
143.1935
143.2112
143.2358
143.2597
143.295
143.507
14.350
143.63
14.37
143.86
143.925
144.1022
144.1030
144.1056
144.1106
144.1142
144.115
144.1182
144.1268
144.1338
144.1354
144.1410
144.1539
144.1620
144.1637
144.1664
144.1675
144.236
144.248
144.274
144.331
144.523
144.550
144.551
144.610
144.673
144.717
144.760
144.7
144.809
144.820
144.851
144.883
144.999
145.1002
145.1003
145.1014
145.1018
145.1019
145.101
145.1020
145.102
145.1022
145.1025
145.1027
145.1028
145.105
145.116
145.120
145.121
145.12
145.135
145.139
145.148
145.150
145.151
145.152
145.153
145.154
145.157
145.158
145.159
145.160
145.162
145.165
145.166
145.167
145.171
145.172
145.177
145.179
145.182
145.199
145.203
145.20
145.211
145.212
145.217
145.222
145.228
145.234
145.235
145.244
145.245
145.248
145.249
145.255
145.261
145.265
145.269
145.271
145.273
145.274
145.284
145.28
145.293
145.294
145.306
145.30
145.319
145.322
145.324
145.325
145.326
145.335
145.338
145.344
145.345
145.359
145.362
145.365
145.367
145.382
145.384
145.386
145.388
145.389
145.390
145.391
145.3
145.409
145.412
145.42
145.428
145.432
145.433
145.444
145.44
145.460
145.47
145.48
145.495
145.503
145.517
145.521
145.522
145.524
145.531
145.541
145.542
145.543
145.544
145.54
145.547
145.557
145.565
145.567
145.574
145.576
145.580
145.586
145.595
145.596
145.605
145.606
145.608
145.61
145.614
145.615
145.62
145.625
145.635
145.656
145.65
145.667
145.679
145.684
145.685
145.687
145.691
145.693
145.697
145.707
145.712
145.713
145.720
145.732
145.73
145.739
145.743
145.751
145.754
145.757
145.758
145.759
145.778
145.780
145.784
145.787
145.796
145.799
145.801
145.817
145.830
145.831
145.833
145.834
145.836
145.850
145.874
145.877
145.887
145.931
145.935
145.943
145.94
145.946
145.949
145.953
145.957
145.961
145.967
145.972
145.974
145.981
145.993
145.996
145.999
146.101
146.1086
146.1096
146.1120
146.1145
146.1146
146.1148
146.1166
146.1197
146.1260
146.1273
146.1274
146.1307
146.1312
146.1394
146.1407
146.1482
146.1483
146.185
146.201
146.214
146.318
146.326
146.419
146.445
146.447
146.474
146.523
146.54
146.557
146.592
146.603
146.625
146.639
146.680
146.700
146.769
146.771
146.809
147.1003
147.1039
147.1073
147.1098
147.1185
147.1221
147.1227
147.125
147.1421
147.144
147.1476
147.1494
147.1540
147.1687
147.1705
147.1744
147.1753
147.1836
147.1856
147.1859
147.1977
147.2007
147.2050
147.2090
147.2112
147.2128
147.2191
147.2224
147.2275
147.2335
147.2373
147.237
147.2413
147.2452
147.2509
147.252
147.2570
147.2597
147.2598
147.25
147.2685
147.301
147.307
147.356
147.390
147.393
147.476
147.55
147.62
147.651
147.692
147.731
147.862
148.1064
148.1151
148.1286
148.1398
148.1444
148.1446
148.193
148.19
148.206
148.234
148.493
148.501
148.512
148.561
148.594
1.485
148.629
148.652
148.686
148.69
148.707
148.754
1.488
148.859
148.907
1.489
149.1191
149.1193
149.1295
149.1377
149.1445
149.227
149.3
149.391
149.592
149.608
149.721
149.75
149.762
150.1025
150.1098
150.1123
150.116
150.1206
150.1231
150.1267
150.1273
150.1288
150.1315
150.1328
150.1536
150.1694
150.1695
150.170
150.1719
150.1730
150.17
150.1854
150.1877
150.1904
150.1947
150.1955
150.2048
150.2154
150.270
150.30
150.314
150.421
150.528
150.573
150.667
150.688
150.739
150.774
150.815
150.823
150.824
150.8
150.999
15.105
15.106
15.108
151.100
151.1033
151.1417
151.1424
151.1510
151.1549
15.116
151.1666
151.1818
151.1892
15.121
15.123
15.128
15.129
15.140
151.42
15.142
151.487
15.152
15.155
15.159
15.161
15.166
151.730
151.744
15.181
15.182
151.852
151.86
151.924
151.991
15.206
15.208
15.209
152.1001
152.1025
152.1040
152.1076
15.210
15.21
152.1120
152.1140
152.1142
152.1181
152.1187
152.1191
152.1208
152.1210
152.1220
152.1224
152.1225
152.1226
152.1235
152.1240
152.1267
152.1271
152.1295
15.213
152.1345
152.141
152.1429
152.1445
152.1457
152.147
152.150
152.1525
152.1528
152.1555
152.1556
152.1559
152.1570
15.215
15.217
152.195
152.204
152.212
152.219
152.224
15.22
152.237
152.275
15.227
15.229
152.2
152.339
15.233
152.353
152.357
15.235
152.371
152.382
152.385
152.418
152.427
15.244
15.245
15.246
152.473
152.475
15.248
152.495
152.498
15.252
152.529
152.530
15.253
152.547
15.254
152.552
152.560
15.256
152.57
152.576
152.580
15.264
152.659
152.66
152.661
152.662
152.663
152.664
152.669
152.670
152.68
15.269
15.271
152.726
152.744
15.275
152.765
15.276
152.80
152.814
1.528
15.284
15.285
152.864
152.867
152.871
152.877
15.291
152.928
152.957
152.971
15.297
152.994
152.995
152.999
15.29
15.2
15.301
15.306
15.307
15.309
153.1001
15.310
153.1028
153.1030
153.1105
153.111
153.1128
15.312
153.1305
153.1413
15.314
153.1522
153.158
153.1676
153.1692
153.1725
153.1756
15.317
15.32
153.248
15.328
153.290
153.295
15.332
15.337
15.341
15.342
153.478
15.349
15.355
153.572
153.577
15.357
15.358
15.363
15.364
153.644
15.369
15.370
153.75
15.377
15.378
15.379
153.80
15.382
153.828
15.383
15.38
153.888
15.391
15.392
15.39
15.396
153.981
15.400
15.402
15.404
15.410
154.1201
154.1338
15.415
15.422
15.425
15.426
15.434
15.445
15.44
15.450
15.456
15.458
15.459
15.460
15.463
15.465
15.468
15.472
15.473
15.477
15.47
15.481
15.486
15.487
15.492
15.494
15.496
15.501
15.504
15.508
155.1008
155.1059
155.109
155.1095
155.1148
155.1158
15.511
155.1267
155.1282
155.129
155.147
155.167
155.176
15.519
155.284
155.2
15.53
15.531
155.388
155.406
155.504
155.510
155.540
155.544
155.56
155.615
155.664
15.567
155.673
15.568
155.690
155.698
155.700
15.573
155.771
155.779
15.579
155.792
155.800
155.809
155.812
155.821
15.58
155.939
155.955
155.956
155.971
155.981
15.599
15.610
156.1032
156.1069
156.1124
156.1148
156.1154
156.1164
156.1207
156.1241
156.1323
156.1339
156.133
156.1346
156.1351
156.1352
156.1362
156.1368
156.1398
156.1403
156.14
156.1487
156.1488
156.1522
156.1636
156.164
156.1650
156.1671
15.616
156.1744
156.178
156.186
156.1918
156.1956
156.200
15.62
156.21
156.229
15.623
15.624
156.267
15.627
15.628
156.290
15.629
156.293
156.349
15.635
15.638
156.480
156.490
15.64
156.508
156.525
156.526
1.565
15.656
156.562
156.564
156.573
156.575
156.588
156.589
15.659
156.608
15.661
15.664
15.666
15.667
156.671
156.672
15.671
156.720
156.760
156.767
15.677
15.679
156.7
156.801
156.899
156.902
15.694
15.69
15.695
156.984
1.570
15.711
15.712
157.1313
157.1366
157.139
157.171
157.20
15.72
157.356
157.357
15.74
157.422
15.75
157.545
15.77
157.778
157.852
158.1042
158.1062
158.1074
158.1143
158.1229
158.1292
158.1340
158.1389
158.1499
158.1501
158.16
158.177
158.204
158.369
158.457
158.515
158.520
15.85
158.541
15.86
158.691
158.786
158.870
159.1020
159.1068
159.1213
159.1217
159.1224
159.242
15.93
159.399
15.94
159.48
15.95
159.569
159.745
159.747
159.760
159.788
15.98
160.1110
160.174
160.1994
160.2355
1.603
1.606
160.671
1.621
1.660
16.702
1.684
17.119
17.121
17.125
17.136
17.163
17.173
17.180
17.185
17.226
17.285
17.289
17.32
17.337
17.354
17.379
17.431
17.478
1.750
17.542
17.565
17.571
1.76
17.670
17.710
1.787
1.802
18.1049
18.10
18.1092
18.1100
18.1101
18.1319
18.1420
18.1443
18.1503
18.1505
18.1514
18.1632
18.1681
18.172
18.1754
1.820
18.2138
18.2252
18.2351
18.2358
18.2359
18.246
18.2479
18.249
18.2536
18.2606
18.2710
18.2720
18.2788
18.2807
18.2864
18.2
18.3031
18.3076
18.3095
18.3098
18.309
18.3
18.3237
18.3239
18.3245
18.3247
18.3256
18.3271
18.327
18.3276
18.555
18.613
18.616
18.620
18.841
1.884
18.859
18.932
18.950
18.99
1.908
19.1036
19.1136
19.1316
19.1403
19.1563
19.160
19.1796
19.1833
19.1871
19.1965
19.201
19.2024
19.2051
19.2084
19.2162
19.2165
19.2170
19.2492
19.2601
19.2662
19.269
19.2709
19.2921
19.2929
19.2948
19.2959
19.2962
19.3073
19.3178
19.373
19.380
19.4
19.447
19.492
19.543
19.556
19.672
19.7
1.982
19.899
19.927
20.121
20.156
20.160
20.169
20.170
20.217
20.279
20.41
20.413
20.42
20.574
20.98
2.102
2.105
2.108
2.109
21.1000
21.1003
21.1006
21.100
21.104
21.111
21.112
21.113
21.114
21.115
21.117
21.118
21.119
21.135
2.114
21.144
21.14
21.152
2.115
21.154
21.155
21.17
21.183
2.118
21.188
21.196
21.197
21.198
21.202
21.203
21.207
21.214
2.123
21.233
21.236
21.237
21.246
21.270
21.273
21.283
21.284
21.28
21.287
21.289
21.292
21.295
21.296
21.306
21.308
2.130
21.311
21.313
21.319
21.31
21.323
21.3
21.334
21.335
21.336
21.338
21.341
21.342
21.351
21.353
2.136
21.368
2.137
21.389
21.393
2.139
21.415
21.431
21.432
21.445
2.144
21.459
2.146
21.47
21.478
2.149
21.491
21.51
21.514
21.518
21.519
2.151
21.533
21.535
2.153
21.541
21.548
21.549
2.155
21.55
21.567
2.157
21.585
2.158
21.591
2.159
2.160
21.604
21.613
2.162
21.62
2.163
2.164
2.165
21.66
21.662
21.67
21.673
21.678
21.681
2.169
21.699
21.700
21.705
21.706
21.708
21.721
21.723
21.725
21.726
21.727
21.756
2.175
21.764
21.765
21.76
2.177
21.793
21.798
21.81
21.816
21.826
21.827
2.184
21.851
21.852
21.858
21.870
21.878
21.88
21.899
2.189
21.920
21.921
2.193
21.93
2.194
21.944
21.949
21.950
21.952
21.955
21.969
21.972
21.97
21.979
21.985
21.991
21.993
21.994
21.998
2.202
2.208
2.212
22.143
22.150
2.215
2.218
2.219
2.220
2.223
2.228
2.229
22.449
2.248
2.255
2.260
2.262
2.266
22.673
2.27
22.748
2.283
2.288
2.291
2.293
2.300
2.303
2.306
2.307
2.309
2.317
2.318
2.320
23.238
23.245
23.247
2.329
23.297
2.331
23.329
23.342
23.422
23.445
23.481
23.487
23.488
2.352
2.357
23.599
23.630
23.683
23.708
23.732
23.777
2.38
24.102
24.1235
24.1407
2.41
24.1632
24.1641
24.1776
24.1779
24.1789
24.1837
24.1839
24.1847
24.1854
24.1932
24.1937
24.1940
24.1948
24.1982
24.2009
24.2097
24.210
24.2422
24.29
2.42
24.43
24.525
24.566
24.641
24.669
24.779
24.804
24.810
24.91
24.977
24.97
25.102
25.106
25.108
25.10
25.116
25.130
25.133
25.140
25.142
25.144
25.145
25.154
25.156
25.166
25.173
25.174
25.175
25.179
25.185
25.189
25.192
25.194
25.196
25.198
25.1
25.201
25.202
25.204
25.207
25.211
25.213
25.2
25.22
2.52
25.276
25.277
25.279
25.280
25.281
25.292
25.295
25.297
25.308
25.309
25.322
25.331
25.334
25.33
25.340
25.348
25.349
25.355
25.357
25.360
25.363
25.365
25.367
25.369
25.371
25.373
25.380
25.383
25.385
25.386
25.387
25.388
25.389
25.39
25.392
25.397
25.398
25.403
25.41
25.42
25.433
25.43
25.438
25.439
25.444
25.449
25.456
25.45
25.46
25.50
25.56
25.85
25.90
25.93
26.1029
26.1046
26.1116
26.1134
26.1182
26.1183
26.1200
26.1242
26.140
26.144
26.229
26.252
26.255
26.258
26.350
26.37
2.64
26.41
26.477
26.48
26.527
26.549
26.561
26.567
26.602
2.66
26.625
26.653
26.656
26.661
26.66
26.683
26.69
26.717
26.747
26.748
26.755
26.763
26.901
26.90
27.179
27.219
27.646
28.1003
28.1005
28.1007
28.1011
28.101
28.1023
28.104
28.124
28.126
28.127
2.81
28.129
28.134
28.135
28.148
28.149
28.153
28.161
28.164
28.166
28.173
28.185
28.189
28.190
28.20
28.206
28.214
28.23
28.238
28.239
28.242
28.244
28.245
28.249
28.252
28.262
28.277
2.82
28.291
28.293
28.294
28.303
28.318
28.321
28.327
28.3
28.332
28.353
28.356
28.360
28.365
28.368
2.83
28.370
28.376
28.380
28.381
28.38
28.393
28.394
28.400
28.416
28.417
28.423
28.432
28.460
28.464
28.500
28.509
28.513
28.518
28.519
28.523
28.526
28.527
28.535
28.536
28.537
2.85
28.54
28.546
28.558
28.561
28.574
28.57
28.588
28.590
28.591
28.600
28.646
28.647
28.659
28.668
2.86
28.67
28.686
28.687
28.688
28.690
28.699
28.700
28.709
28.711
28.718
28.727
28.730
28.739
28.742
28.752
28.756
28.757
28.758
28.764
28.767
28.772
28.773
28.777
28.786
28.789
28.792
28.800
28.80
28.81
28.824
28.827
28.829
28.82
28.830
28.846
28.847
28.848
28.849
28.869
28.871
28.880
28.88
28.884
28.885
28.887
28.894
28.901
28.91
28.920
28.93
28.935
28.957
28.960
28.974
28.97
29.100
29.102
29.155
29.169
29.263
29.265
29.281
29.295
29.311
29.312
29.3
29.351
29.368
29.375
29.379
29.38
29.405
29.427
29.439
29.440
29.462
29.491
29.512
29.558
29.582
29.583
29.615
29.618
29.621
29.622
29.628
29.664
29.708
29.711
2.97
29.743
29.760
29.764
29.800
29.835
29.840
29.866
29.874
29.916
29.921
29.922
29.923
29.929
29.930
29.954
29.972
29.975
29.991
30.1008
30.102
30.1037
30.103
30.1038
30.1043
30.1048
30.1064
30.1084
30.1085
30.1092
30.1095
30.1103
30.118
30.119
30.125
30.136
30.148
30.14
30.150
30.161
30.164
30.172
30.180
30.184
30.188
30.194
30.20
30.213
30.220
30.222
30.232
30.235
30.236
30.25
30.255
30.264
30.272
30.276
30.280
30.281
30.282
30.285
30.290
30.292
30.302
30.305
30.310
30.31
30.324
30.333
30.338
30.339
30.340
30.345
30.356
30.373
30.424
30.428
30.430
30.451
30.471
30.487
30.490
30.498
30.505
30.52
30.56
30.574
30.602
30.606
30.60
30.657
30.693
30.694
30.703
30.727
30.729
30.730
30.739
30.742
30.751
30.752
30.75
30.762
30.77
30.774
30.776
30.829
30.830
30.834
30.839
30.845
30.852
30.85
30.856
30.890
30.905
30.910
30.91
30.914
30.915
30.92
30.927
30.928
30.936
30.943
30.966
30.972
30.989
30.991
30.992
31.116
31.117
31.118
31.126
31.159
31.163
31.181
31.190
31.209
31.20
31.220
31.236
31.250
31.28
31.297
31.301
31.304
31.3
31.36
31.369
31.37
3.139
31.398
31.41
31.434
31.436
3.144
31.477
31.48
31.491
31.492
31.503
31.509
31.534
3.153
31.543
31.544
31.552
31.561
31.564
31.593
31.605
31.612
31.617
31.677
31.687
31.689
31.737
31.740
31.750
31.789
31.792
31.80
31.821
31.824
31.835
31.90
31.91
31.98
3.200
3.226
32.323
32.4
32.433
32.434
32.437
32.438
32.440
32.443
32.478
33.1000
33.100
33.1016
33.1030
33.1031
33.104
33.1050
33.1051
33.1065
33.1078
33.1093
33.1107
33.1111
33.1113
33.1127
33.1132
33.1146
33.1148
33.1156
33.1170
33.1182
33.1183
33.1190
33.1192
33.1210
33.1219
33.121
33.1228
33.131
33.161
33.169
33.170
33.171
33.174
33.179
33.182
33.185
33.200
33.204
33.226
33.229
33.234
33.260
33.263
33.276
33.279
33.280
33.301
33.304
33.319
33.322
33.326
33.3
33.336
33.337
33.338
33.375
33.377
33.442
33.446
33.449
33.454
33.457
33.459
33.460
33.477
33.492
33.493
33.494
33.520
33.521
33.53
33.546
33.582
33.583
33.584
33.590
33.626
33.6
33.660
33.672
33.673
33.67
33.682
33.685
33.691
33.728
33.732
33.736
33.737
33.753
33.754
33.771
33.780
33.783
33.788
33.796
33.797
33.807
33.809
33.8
33.860
33.861
33.866
33.867
33.886
33.898
33.908
33.910
33.911
33.927
33.957
33.958
33.971
33.978
33.996
33.997
3.409
34.1012
34.1013
34.102
34.1030
34.103
34.1038
34.1045
34.1054
34.1064
34.111
34.113
34.121
34.128
34.130
34.132
34.146
34.168
34.169
34.170
34.173
34.174
34.18
34.202
34.216
34.217
34.240
34.243
34.245
34.249
34.289
34.307
34.308
34.316
34.324
34.326
34.327
34.32
34.335
34.336
34.345
34.347
34.356
34.357
34.37
34.372
34.377
34.38
34.388
34.415
34.416
34.427
34.442
34.443
34.444
34.47
34.484
34.485
34.490
34.492
34.500
34.511
34.518
34.531
34.532
34.543
34.545
34.55
34.554
34.567
34.569
34.578
34.58
34.589
34.59
34.610
34.614
34.619
34.6
34.62
34.630
34.631
34.633
34.634
34.63
34.663
34.671
34.674
34.677
34.68
34.696
34.724
34.737
34.745
34.748
34.763
34.767
34.78
34.808
34.816
34.82
34.83
34.831
34.844
34.851
34.852
34.857
34.859
34.874
34.87
34.895
34.903
34.911
34.914
34.920
34.927
34.948
34.95
34.971
34.988
34.989
34.990
34.991
34.998
35.1172
35.159
35.33
35.398
3.565
35.779
35.790
36.107
36.108
36.109
36.129
36.131
36.156
36.183
36.197
3.621
36.218
36.225
36.235
36.237
36.245
36.257
36.259
36.264
36.270
36.272
36.291
36.296
36.304
36.306
36.31
36.316
36.320
36.36
36.37
36.401
36.406
36.420
36.434
36.447
36.448
36.450
36.451
36.473
36.491
36.495
36.498
36.502
36.503
36.505
36.51
36.515
36.518
36.521
36.52
36.535
36.547
36.548
36.555
36.56
36.574
36.575
36.577
36.583
36.587
36.592
36.606
36.612
36.619
36.623
36.627
36.636
36.645
36.64
36.647
36.654
36.659
36.661
36.662
36.670
36.67
36.674
36.675
36.68
36.681
36.688
36.707
36.754
36.761
36.81
36.820
36.827
36.828
36.832
36.836
36.854
36.861
36.895
36.912
36.916
36.926
36.932
36.94
36.96
37.1154
37.1162
37.1203
37.1258
37.1351
37.1374
37.1464
37.1465
37.146
37.1576
37.1650
37.1682
37.1686
37.1801
37.1838
37.186
37.1882
37.1923
37.1924
37.1940
37.1941
37.1953
37.1972
37.2151
37.2221
37.2295
37.2330
37.2353
37.2354
37.2525
37.2916
37.2993
37.321
37.331
37.354
37.369
37.505
37.615
37.617
37.638
37.79
37.792
37.815
37.825
37.867
37.914
37.925
37.951
39.1020
39.102
39.1054
39.1055
39.1081
39.1112
39.1119
39.1142
39.1143
39.1144
39.1146
39.1150
39.1158
39.1160
39.1187
39.1195
39.1220
39.1227
39.122
39.128
39.132
39.137
39.146
39.161
39.162
39.163
39.18
39.196
39.216
39.224
39.23
39.240
39.242
39.251
39.254
39.264
39.281
39.377
39.39
39.424
39.427
39.428
39.449
39.450
39.452
39.454
39.461
39.462
39.464
39.479
39.489
39.48
39.490
39.515
39.516
39.52
39.525
39.526
39.530
39.531
39.56
39.608
39.609
39.643
39.649
39.655
39.656
39.662
39.671
39.689
39.698
39.70
39.709
39.745
39.768
39.791
39.794
39.822
39.832
39.833
39.835
39.857
39.867
39.874
39.878
39.881
39.882
39.889
39.891
39.901
39.909
39.943
39.944
39.975
39.976
39.97
39.983
39.990
39.994
40.1000
40.1001
40.100
40.1026
40.1041
40.1047
40.1050
40.1051
40.1054
40.1058
40.1063
40.1070
40.1073
40.1078
40.1079
40.108
40.110
40.117
40.120
40.128
40.132
40.133
40.16
40.162
40.17
40.179
40.183
40.185
40.186
40.190
40.198
40.19
40.202
40.203
40.204
40.233
40.246
40.24
40.258
40.262
40.271
40.272
40.284
40.288
40.292
40.298
40.311
40.316
40.321
40.325
40.3
40.333
40.359
40.363
40.380
40.384
40.392
40.401
40.404
40.429
40.449
40.45
40.456
40.457
40.458
40.459
40.463
40.48
40.481
40.482
40.486
40.490
40.49
40.493
40.503
40.506
40.507
40.516
40.528
40.52
40.531
40.539
40.53
40.544
40.58
40.612
40.64
40.665
40.691
40.693
40.704
40.706
40.707
40.713
40.739
40.76
40.768
40.769
40.770
40.771
40.772
40.780
40.78
40.783
40.788
40.79
40.792
40.793
40.80
40.802
40.805
40.809
40.81
40.821
40.832
40.833
40.84
40.849
40.852
40.855
40.859
40.86
40.868
40.8
40.872
40.879
40.880
40.883
40.893
40.903
40.912
40.913
40.91
40.94
40.95
40.963
40.969
40.980
40.981
40.982
40.983
40.985
40.988
40.999
4.1036
41.1015
41.1019
41.1035
41.105
41.1071
41.107
41.1086
41.108
41.1089
41.1112
41.114
41.116
41.156
41.16
4.1163
41.17
41.182
41.188
41.192
41.228
41.241
41.24
41.247
41.272
41.27
41.284
41.302
41.303
41.306
41.312
41.322
41.327
41.337
41.353
41.354
41.371
41.372
41.378
41.385
41.397
41.405
41.431
41.433
41.437
41.458
41.482
41.492
41.494
41.498
41.504
41.509
41.511
41.524
41.589
41.590
41.591
41.593
41.59
41.628
41.630
41.63
41.632
41.648
41.672
41.680
41.686
41.687
41.711
41.71
41.750
41.75
41.751
41.752
41.757
41.762
41.766
41.770
41.782
41.787
41.791
41.801
41.80
41.813
41.827
41.834
41.835
41.843
41.859
41.876
41.879
41.88
41.897
41.899
41.91
4.193
41.961
41.962
41.963
41.966
41.969
41.982
41.986
42.1013
42.1085
42.123
42.1236
42.1240
42.1295
42.1394
42.1471
42.147
42.1491
42.1502
42.1620
42.1659
42.1660
42.1664
42.1666
42.1712
42.1779
42.1813
42.1881
42.33
42.39
42.401
42.405
42.541
42.563
42.639
42.770
42.776
42.779
42.9
42.974
4.299
43.1014
43.114
43.116
43.130
4.31
43.16
43.197
43.230
43.245
43.267
43.279
43.314
4.33
43.343
4.339
43.42
43.490
43.527
43.528
43.549
43.592
43.615
43.616
43.623
43.62
43.624
43.627
43.667
43.697
43.707
43.73
43.748
43.749
43.751
43.762
43.838
43.921
43.96
43.97
43.986
4.401
4.466
4.469
45.1019
45.1020
45.1037
45.1038
45.1039
45.1042
45.1047
45.1050
45.105
45.106
45.1068
45.1069
45.1073
45.1075
45.1092
45.1098
45.1119
45.1133
45.1136
45.1140
45.1141
45.1143
45.1148
45.114
45.1150
45.119
45.121
45.122
45.154
45.158
45.17
45.172
45.191
45.199
45.212
45.218
45.222
45.227
45.230
45.231
45.241
45.242
45.244
45.25
45.255
45.259
45.264
45.265
45.268
45.283
45.285
45.297
45.309
45.310
45.315
45.322
45.325
45.33
45.372
45.431
45.435
45.436
45.452
45.489
45.514
45.51
45.530
45.531
45.532
45.534
45.541
45.555
45.556
45.569
45.571
45.581
45.582
45.594
45.596
45.5
45.600
45.6
45.621
45.62
45.627
45.632
45.640
45.65
45.658
45.66
45.681
45.684
45.692
45.701
45.707
45.729
45.72
45.733
45.73
45.751
45.752
45.765
45.778
45.783
45.802
45.80
45.825
45.830
45.840
45.84
45.855
45.895
45.899
45.920
45.921
45.928
45.929
45.931
45.942
45.955
45.956
45.959
45.9
45.961
45.988
45.99
4.610
46.153
46.18
46.188
46.233
46.263
46.317
46.341
46.396
46.489
46.501
46.520
46.526
46.528
46.578
46.603
46.688
46.744
46.78
46.794
46.897
46.937
4.791
48.1185
48.1212
48.1216
48.1274
48.1423
48.1428
48.1448
48.147
48.1672
48.1730
48.1799
48.17
48.1808
48.1845
48.1887
48.2082
48.2093
48.2123
48.241
48.282
48.288
4.831
48.346
48.433
48.467
4.849
4.853
48.539
4.855
48.70
4.874
48.751
48.91
4.892
48.924
49.1056
49.655
49.740
4.991
4.993
50.1013
50.1014
50.1029
50.1035
50.103
50.104
50.1054
50.105
50.1076
50.1084
50.10
50.1124
50.1136
50.1156
50.1158
50.1160
50.1184
50.1185
50.1186
50.1202
50.1203
50.1206
50.12
50.1216
50.1235
50.125
50.1256
50.1257
50.1279
50.1281
50.1291
50.1294
50.1297
50.1300
50.1318
50.1337
50.1385
50.1387
50.1388
50.1389
50.1393
50.1394
50.1401
50.1402
50.1422
50.1423
50.1431
50.1438
50.1440
50.1446
50.1466
50.1471
50.1472
50.1521
50.1526
50.1527
50.1544
50.1548
50.1576
50.1579
50.1582
50.1586
50.1595
50.1600
50.1605
50.1612
50.1625
50.1632
50.1633
50.1641
50.165
50.1654
50.1655
50.166
50.1666
50.1668
50.1687
50.1702
50.1703
50.1716
50.173
50.1749
50.176
50.179
50.1811
50.1813
50.1819
50.1832
50.1833
50.1837
50.1838
50.1839
50.1844
50.1855
50.1858
50.1870
50.1871
50.1872
50.1878
50.1890
50.1900
50.1902
50.1905
50.191
50.1927
50.196
50.201
50.209
50.214
50.218
50.250
50.308
50.309
50.31
50.33
50.347
50.34
50.365
50.369
50.373
50.38
50.40
50.407
50.422
50.444
50.480
50.481
50.492
50.503
50.508
50.509
50.5
50.572
50.611
50.625
50.632
50.63
50.643
50.659
50.67
50.694
50.699
50.702
50.708
50.722
50.724
50.740
50.742
50.748
50.772
50.77
50.78
50.79
50.80
50.820
50.831
50.834
50.835
50.836
50.841
50.84
50.857
50.858
50.865
50.893
50.902
50.91
50.920
50.95
50.968
50.990
51.1002
51.1011
51.101
51.1014
51.106
51.108
51.109
51.115
51.132
51.151
51.160
51.16
51.174
51.178
51.187
51.188
5.1200
51.201
51.226
51.23
51.24
51.287
51.289
51.296
51.303
51.307
51.323
51.3
51.340
51.364
51.365
51.378
51.398
51.399
51.430
51.432
51.44
51.47
51.479
51.482
51.483
51.492
51.503
51.506
51.52
51.548
51.55
51.562
51.563
51.566
51.646
51.658
51.674
51.680
51.682
51.700
51.711
51.714
51.715
51.731
51.740
51.74
51.741
51.743
51.758
51.765
51.77
51.781
51.798
51.802
51.809
51.811
51.812
51.824
51.838
51.843
51.852
51.857
51.883
51.884
51.890
51.899
51.900
51.902
51.904
51.907
51.919
51.920
51.927
51.967
51.972
51.992
52.100
52.1040
52.1051
52.1073
52.1074
52.1075
52.1096
52.1099
52.1105
52.1120
52.1121
52.1124
52.1174
52.1243
52.1250
52.1262
52.1290
52.1303
52.1360
52.17
52.185
52.277
52.287
52.296
52.32
52.331
52.341
52.354
52.363
52.435
52.529
52.565
52.57
52.60
52.623
52.62
52.638
52.654
52.659
52.66
52.666
52.670
52.69
52.705
52.769
52.777
52.794
52.796
52.797
52.805
52.814
52.815
52.843
52.851
52.852
52.865
52.882
52.90
52.909
52.916
52.928
52.942
52.966
52.9
52.980
52.989
52.995
53.1072
53.1102
53.1113
53.1126
53.112
53.1132
53.115
53.125
53.145
53.147
53.152
53.200
53.212
53.213
53.245
53.275
53.30
53.325
53.3
53.36
53.366
53.43
53.435
53.464
53.505
53.520
53.533
53.557
53.572
53.57
53.574
53.592
53.594
53.599
53.618
53.668
53.671
53.676
53.688
53.727
53.764
53.803
53.851
53.852
53.867
53.868
53.871
53.88
53.891
53.971
54.105
54.112
54.115
54.125
54.126
54.150
54.170
54.185
54.211
54.249
54.260
54.261
54.289
54.292
54.295
54.325
54.331
54.395
54.413
54.424
54.431
54.451
54.460
54.462
54.463
54.465
54.494
54.525
54.530
54.566
54.572
54.586
54.619
54.629
54.648
54.681
54.6
54.69
54.70
54.701
54.711
54.792
54.810
54.94
55.557
56.1068
56.1096
56.1097
56.1244
56.1249
56.1376
56.1379
56.1416
56.1444
56.1447
56.1448
56.1471
56.1472
56.1532
56.155
56.171
56.1724
56.1732
56.1735
56.1764
56.1806
56.1852
56.1930
56.1937
56.198
56.1995
56.213
56.256
56.285
56.317
56.318
56.323
56.442
56.517
56.590
56.615
56.617
56.640
56.716
56.796
56.819
56.827
56.952
57.1761
57.186
57.300
57.39
57.612
57.631
57.770
58.2556
58.544
59.1037
59.1186
59.1200
59.1330
59.1460
59.1511
59.1579
59.1604
59.1669
59.1722
59.1741
59.1835
59.1868
59.188
59.1918
59.1946
59.1952
59.2010
59.2046
59.2126
59.2167
59.2174
59.310
59.694
59.924
60.1003
60.102
60.1043
60.1068
60.1100
60.1107
60.1110
60.1147
60.117
60.119
60.158
60.165
60.17
60.192
60.194
60.195
60.197
60.202
60.221
60.231
60.283
60.319
60.323
60.32
60.384
60.388
60.402
60.403
60.404
60.406
60.409
60.417
60.425
60.427
60.431
60.465
60.469
60.471
60.481
60.499
60.503
60.511
60.518
60.520
60.523
60.526
60.528
60.529
60.568
60.595
60.598
60.602
60.608
60.6
60.63
60.643
60.647
60.651
60.658
60.674
60.696
60.699
60.705
60.730
60.733
60.739
60.74
60.753
60.767
60.785
60.789
60.790
60.797
60.818
60.82
60.826
60.883
60.915
60.925
60.942
60.943
60.980
60.981
60.983
60.986
61.100
61.1125
61.1195
61.119
61.1199
61.1258
61.1338
61.1343
61.138
61.191
6.1223
61.250
6.1253
61.348
61.401
61.432
61.472
61.477
61.546
6.166
61.779
61.902
61.940
61.980
61.997
62.1013
62.1100
62.117
62.1184
62.1191
62.1276
62.1318
62.1328
62.1440
62.1480
62.162
62.1702
62.1719
62.183
62.193
62.1966
62.1969
62.1988
62.2013
62.2045
62.2046
62.2078
62.430
62.514
62.536
62.607
62.851
63.1000
63.1005
63.1011
63.1018
63.103
63.110
63.112
63.121
63.127
63.137
63.152
63.17
63.189
63.195
63.222
63.277
63.281
63.288
63.291
63.293
63.300
63.30
63.304
63.329
63.331
63.3
63.332
63.341
63.356
63.361
63.373
63.386
63.412
63.416
63.41
63.467
63.481
63.492
63.501
63.506
63.510
63.550
63.555
63.570
63.571
63.581
63.585
63.587
63.588
63.590
63.613
63.614
63.62
63.65
63.659
63.66
63.674
63.682
63.691
63.703
63.709
63.712
63.725
63.759
63.764
63.76
63.789
63.792
63.806
63.818
63.819
63.844
63.846
63.847
63.848
63.849
63.855
63.868
63.892
63.897
63.904
63.918
63.920
63.93
63.947
63.969
63.976
63.989
63.995
64.1198
64.25
6.45
6.499
6.504
65.1047
65.1195
65.1476
65.1540
65.163
65.1843
65.2050
65.2096
65.2221
65.2
65.2300
65.349
65.38
65.430
6.594
65.977
66.1013
66.1018
66.1029
66.1030
66.1042
66.107
66.1074
66.108
66.1098
66.1148
66.116
66.1193
66.1194
66.1199
66.1200
66.1205
66.125
66.142
66.158
66.159
66.162
66.164
66.166
66.167
66.17
66.186
66.198
66.208
66.209
66.210
66.212
66.213
66.235
66.237
66.240
66.241
66.263
66.275
66.284
66.286
66.287
66.293
66.298
66.319
66.325
66.326
66.336
66.347
66.350
66.353
66.384
66.386
66.391
66.400
66.418
66.423
66.44
66.448
66.450
66.457
66.460
66.46
66.487
66.497
66.507
66.514
66.516
66.526
66.56
66.570
66.581
66.590
66.593
66.594
66.616
66.61
66.634
66.641
66.645
66.646
66.647
66.648
66.649
66.650
66.651
66.654
66.664
66.680
66.688
66.702
66.703
66.724
66.73
66.76
66.77
66.803
66.804
66.807
66.808
66.810
66.812
66.819
66.823
66.82
66.833
66.834
66.883
66.959
66.975
66.984
66.991
66.995
67.1000
67.1035
67.1041
67.1049
67.1057
67.1089
67.1098
67.1111
67.120
67.133
67.137
67.151
67.155
67.159
67.166
67.174
67.177
67.202
67.204
67.243
67.246
67.253
67.256
67.257
67.259
67.29
67.330
67.350
67.355
67.365
67.386
67.389
67.400
67.423
67.439
67.446
67.448
67.470
67.500
67.503
67.527
67.541
67.555
67.561
67.568
67.582
67.651
67.661
6.766
67.667
67.680
67.688
67.691
67.693
67.697
67.700
67.704
67.705
67.725
67.752
67.75
67.761
67.762
67.774
67.810
67.814
67.836
67.850
67.863
67.880
67.881
67.887
67.908
67.914
67.950
68.2391
6.888
69.102
69.103
69.125
69.126
69.137
69.145
69.148
69.149
69.162
69.164
69.17
69.174
69.183
69.187
69.193
69.201
69.208
69.209
69.218
69.223
69.224
69.226
69.235
69.236
69.241
69.247
69.269
69.28
69.294
69.309
69.311
69.312
69.316
69.3
69.356
69.361
69.364
69.375
69.395
69.404
69.405
69.410
69.41
69.415
69.416
69.42
69.432
69.436
69.43
69.449
69.454
69.456
69.465
69.467
69.48
69.484
69.494
69.497
69.503
69.507
69.52
69.555
69.55
69.56
69.563
69.565
69.574
69.581
69.58
69.613
69.62
69.641
69.648
69.651
69.652
69.672
69.682
69.688
69.80
69.95
70.148
70.158
70.17
70.181
70.182
70.245
70.261
70.286
70.297
70.396
70.408
70.423
70.424
70.432
70.48
70.509
70.547
70.579
70.594
70.6
70.637
70.641
70.647
70.657
70.689
70.69
70.723
70.765
70.773
70.825
71.1152
71.116
7.11
71.2045
71.2046
71.2090
7.1738
71.90
71.91
7.194
72.1167
72.1392
72.1998
73.103
73.104
73.105
73.1136
73.159
73.1988
73.2078
73.273
73.367
74.1362
74.1915
74.2401
74.2404
74.2584
75.1891
75.2294
76.101
76.104
76.111
76.113
76.116
76.117
76.119
76.11
76.120
76.121
76.122
76.123
76.130
76.13
76.133
76.137
76.138
76.143
76.144
76.147
76.150
76.162
76.167
76.168
76.172
76.175
76.183
76.186
76.187
76.19
76.196
76.208
76.210
76.221
76.224
76.235
76.238
76.240
76.251
76.252
76.253
76.261
76.263
76.27
76.285
76.294
76.30
76.307
76.310
76.311
76.318
76.319
76.339
76.341
76.342
76.347
76.352
76.353
76.35
76.369
76.371
76.37
76.379
76.38
76.403
76.406
76.40
76.41
76.419
76.420
76.424
76.427
76.430
76.435
76.439
76.443
76.448
76.458
76.461
76.465
76.46
76.469
76.470
76.478
76.487
76.493
76.497
76.498
76.499
76.505
76.509
76.512
76.517
76.52
76.531
76.544
76.554
76.557
76.570
76.574
76.575
76.576
76.582
76.591
76.593
76.594
76.595
76.600
76.603
76.612
76.615
76.616
76.620
76.621
76.622
76.625
76.626
76.627
76.635
76.640
76.667
76.73
76.74
76.78
76.79
76.84
76.87
76.92
76.97
76.99
77.1324
77.1327
77.1354
77.1385
77.1477
77.1520
77.1618
77.1791
77.1958
77.1974
77.2064
77.2069
77.2093
77.2095
77.220
77.249
77.254
77.272
77.338
77.360
77.439
77.442
77.460
77.463
77.503
77.562
77.585
77.629
77.641
77.651
77.75
77.80
78.1082
78.219
78.228
78.246
78.375
78.376
78.635
78.891
78.942
78.943
78.95
78.997
79.105
79.193
79.429
79.525
79.591
79.642
79.732
79.794
79.813
79.81
79.819
80.1051
80.1104
80.1125
80.1141
80.1154
80.1158
80.1160
80.1180
80.1200
80.1286
80.1411
80.1462
80.1491
80.150
80.161
80.1792
80.1797
80.1800
80.1824
80.1837
80.193
80.1990
80.285
80.291
80.364
80.367
80.494
80.497
80.570
80.671
80.74
80.773
80.812
80.841
80.84
80.853
80.863
80.864
80.889
80.906
8.1028
8.1029
8.1180
8.1335
8.1342
8.1358
8.1597
8.1943
8.1996
8.2101
8.2102
82.1044
82.1073
82.1100
82.1169
82.1273
82.1536
82.1652
82.270
82.333
82.425
82.520
82.693
82.753
82.865
82.917
82.923
82.924
82.932
82.942
83.101
83.125
83.127
83.128
83.13
83.143
83.151
83.166
83.177
83.18
83.182
83.184
83.19
83.202
83.216
83.218
83.227
83.235
8.323
83.24
83.259
83.25
83.265
83.26
83.274
83.284
83.296
83.32
83.324
83.326
83.375
83.380
83.3
83.408
83.417
83.425
83.432
83.433
83.437
83.438
83.447
83.454
83.47
83.473
83.481
83.511
83.525
83.526
83.529
83.531
83.537
83.542
83.543
83.558
83.565
83.566
83.569
83.572
83.573
83.57
83.58
83.590
83.597
83.628
83.632
83.64
83.66
83.666
83.67
83.685
83.688
83.689
83.704
83.720
83.721
83.726
83.741
83.745
83.752
83.759
83.83
83.87
83.91
84.166
84.320
84.360
84.369
8.453
84.617
84.647
84.664
84.97
85.438
85.5
85.619
85.620
85.621
85.623
85.678
85.710
86.1089
86.166
86.417
86.56
86.614
86.808
86.975
87.1144
87.1367
87.1556
87.1658
87.1661
87.1680
87.1784
87.1816
87.1830
87.1873
87.1935
87.2103
87.2183
87.2316
87.2326
87.2367
87.2394
87.2418
87.2422
87.2499
87.2525
87.264
87.2734
87.2746
87.2751
87.2766
87.2771
87.2778
87.2789
87.474
87.603
87.796
87.827
87.86
87.892
87.981
88.1210
88.1213
88.1217
88.1289
88.1461
88.1592
88.1638
88.1741
88.1747
88.1895
88.1930
88.2099
88.2107
88.2131
88.251
88.592
88.674
88.960
89.1091
89.1285
89.1388
89.2259
89.266
89.714
90.1749
90.1769
9.104
91.1012
91.1016
91.10
91.1046
91.1099
91.1131
91.1136
91.1140
91.1168
91.1207
91.1216
91.1228
91.1232
91.1241
91.1257
91.1261
91.1277
91.1289
91.1294
91.1337
91.1351
91.1365
91.170
91.188
91.204
91.207
91.213
91.227
91.24
91.265
91.275
91.2
91.287
9.128
91.302
91.310
91.320
91.369
91.408
9.14
91.42
91.428
91.438
91.478
91.4
91.505
9.153
91.543
91.575
91.579
91.593
91.598
91.602
91.7
91.734
91.744
91.745
91.748
91.777
91.896
91.908
91.909
91.910
91.915
91.924
91.934
91.969
92.1153
9.213
92.1375
92.1379
92.1430
92.1529
92.154
92.1671
92.1862
92.1940
92.1969
92.2000
92.2149
92.2390
9.223
92.2458
92.2556
92.2650
92.2802
92.2811
92.2924
92.2926
92.2947
92.647
9.269
9.270
92.729
9.276
92.768
92.818
9.309
93.129
93.20
93.242
9.330
93.340
93.341
93.44
93.459
93.465
93.474
93.476
93.499
93.537
93.557
93.561
93.591
93.649
93.72
93.745
93.759
93.766
93.811
9.392
93.921
93.955
93.967
93.995
94.101
94.1016
94.1023
94.1025
94.1044
94.1142
94.1146
94.117
94.1195
94.1207
94.1250
94.131
94.1326
94.1385
94.1404
94.143
94.1465
94.1510
94.1511
94.1522
94.1611
94.163
94.1658
94.1687
94.172
94.1730
94.1733
94.1742
94.1778
94.1835
94.1878
94.1929
94.1931
94.1
94.2001
94.2008
94.204
94.2058
94.2062
94.223
94.2274
94.2291
94.463
94.500
94.501
94.524
94.539
94.643
94.685
94.695
94.901
94.921
94.924
94.928
94.992
9.50
95.124
95.207
95.261
95.262
95.309
95.423
95.431
9.546
9.547
95.515
9.558
9.55
95.605
95.64
95.678
95.739
95.764
95.788
95.790
95.804
95.832
95.83
95.840
95.98
9.608
96.1013
96.1016
96.1019
96.1021
96.1031
96.1049
96.106
96.1074
96.1075
96.107
96.1079
96.1093
96.110
96.1194
96.1211
96.1265
96.164
96.167
96.29
9.62
96.326
96.353
9.637
96.375
96.377
96.435
96.436
96.548
96.559
9.656
96.598
96.609
96.653
9.665
96.705
9.672
96.758
96.891
96.892
96.951
96.979
97.101
97.105
97.106
97.12
97.131
97.132
97.135
97.138
97.139
97.141
97.142
97.149
97.171
97.178
97.183
97.188
97.210
97.211
97.212
97.213
97.229
97.239
97.245
97.250
97.252
97.255
97.256
97.26
97.263
97.265
97.280
97.28
97.286
97.291
97.29
97.298
97.318
97.322
97.325
97.328
97.342
97.344
97.351
97.364
97.366
97.367
97.373
97.379
97.385
97.407
97.414
97.417
97.440
97.441
97.444
97.448
97.450
97.452
97.456
97.458
97.487
97.492
97.514
97.516
97.517
97.538
97.543
97.544
97.54
97.547
97.556
97.566
97.569
97.570
97.573
97.575
97.578
97.599
97.600
97.601
97.603
97.604
97.617
97.618
97.621
97.627
97.634
97.635
97.637
97.642
97.647
97.653
97.657
97.660
97.661
97.681
97.685
97.689
97.68
97.690
97.708
97.711
97.712
9.77
97.715
97.719
97.730
97.737
97.741
97.76
97.85
97.87
97.93
97.96
98.157
98.255
98.396
98.471
98.481
98.490
98.597
98.615
98.758
98.76
98.778
98.883
98.961
98.967
99.1198
99.125
99.164
99.304
99.350
99.362
99.36
99.414
99.482
